4.300000000000000000e+02
4.610000000000000000e+02
4.560000000000000000e+02
4.610000000000000000e+02
4.580000000000000000e+02
4.590000000000000000e+02
4.570000000000000000e+02
4.590000000000000000e+02
4.450000000000000000e+02
4.510000000000000000e+02
4.630000000000000000e+02
4.490000000000000000e+02
4.610000000000000000e+02
4.560000000000000000e+02
4.630000000000000000e+02
4.450000000000000000e+02
4.540000000000000000e+02
4.510000000000000000e+02
4.450000000000000000e+02
4.480000000000000000e+02
4.350000000000000000e+02
4.460000000000000000e+02
4.490000000000000000e+02
4.120000000000000000e+02
4.220000000000000000e+02
4.310000000000000000e+02
4.450000000000000000e+02
4.230000000000000000e+02
4.080000000000000000e+02
4.110000000000000000e+02
3.840000000000000000e+02
3.860000000000000000e+02
4.050000000000000000e+02
4.020000000000000000e+02
4.090000000000000000e+02
3.850000000000000000e+02
3.830000000000000000e+02
3.790000000000000000e+02
3.710000000000000000e+02
3.870000000000000000e+02
3.810000000000000000e+02
3.660000000000000000e+02
3.690000000000000000e+02
3.500000000000000000e+02
3.440000000000000000e+02
3.470000000000000000e+02
3.190000000000000000e+02
3.480000000000000000e+02
3.300000000000000000e+02
3.310000000000000000e+02
3.140000000000000000e+02
3.240000000000000000e+02
3.180000000000000000e+02
2.880000000000000000e+02
2.900000000000000000e+02
2.990000000000000000e+02
2.700000000000000000e+02
2.920000000000000000e+02
2.760000000000000000e+02
2.780000000000000000e+02
2.420000000000000000e+02
2.570000000000000000e+02
2.430000000000000000e+02
2.410000000000000000e+02
2.280000000000000000e+02
2.150000000000000000e+02
2.300000000000000000e+02
2.290000000000000000e+02
2.110000000000000000e+02
2.040000000000000000e+02
2.090000000000000000e+02
2.080000000000000000e+02
2.070000000000000000e+02
2.200000000000000000e+02
1.970000000000000000e+02
1.790000000000000000e+02
1.930000000000000000e+02
1.750000000000000000e+02
1.510000000000000000e+02
1.760000000000000000e+02
1.840000000000000000e+02
1.730000000000000000e+02
1.620000000000000000e+02
1.510000000000000000e+02
1.400000000000000000e+02
1.450000000000000000e+02
1.390000000000000000e+02
1.060000000000000000e+02
1.450000000000000000e+02
1.420000000000000000e+02
1.190000000000000000e+02
1.220000000000000000e+02
1.100000000000000000e+02
1.070000000000000000e+02
1.260000000000000000e+02
1.130000000000000000e+02
1.040000000000000000e+02
9.000000000000000000e+01
1.070000000000000000e+02
9.500000000000000000e+01
1.080000000000000000e+02
9.100000000000000000e+01
9.100000000000000000e+01
8.000000000000000000e+01
7.900000000000000000e+01
8.700000000000000000e+01
7.200000000000000000e+01
8.200000000000000000e+01
6.100000000000000000e+01
7.300000000000000000e+01
7.500000000000000000e+01
7.700000000000000000e+01
7.300000000000000000e+01
6.700000000000000000e+01
7.200000000000000000e+01
6.600000000000000000e+01
7.400000000000000000e+01
6.200000000000000000e+01
8.300000000000000000e+01
5.300000000000000000e+01
