4.550000000000000000e+02
4.660000000000000000e+02
4.760000000000000000e+02
4.580000000000000000e+02
4.800000000000000000e+02
4.480000000000000000e+02
4.580000000000000000e+02
4.740000000000000000e+02
4.780000000000000000e+02
4.360000000000000000e+02
4.500000000000000000e+02
4.480000000000000000e+02
4.600000000000000000e+02
4.860000000000000000e+02
4.510000000000000000e+02
4.470000000000000000e+02
4.260000000000000000e+02
4.250000000000000000e+02
4.410000000000000000e+02
4.410000000000000000e+02
4.620000000000000000e+02
4.300000000000000000e+02
4.050000000000000000e+02
4.500000000000000000e+02
4.350000000000000000e+02
4.340000000000000000e+02
4.140000000000000000e+02
4.260000000000000000e+02
4.080000000000000000e+02
4.230000000000000000e+02
4.270000000000000000e+02
3.820000000000000000e+02
3.810000000000000000e+02
4.030000000000000000e+02
3.830000000000000000e+02
3.960000000000000000e+02
4.130000000000000000e+02
3.810000000000000000e+02
3.770000000000000000e+02
3.580000000000000000e+02
3.890000000000000000e+02
3.310000000000000000e+02
3.640000000000000000e+02
3.390000000000000000e+02
3.480000000000000000e+02
3.670000000000000000e+02
3.240000000000000000e+02
3.330000000000000000e+02
3.320000000000000000e+02
3.010000000000000000e+02
2.950000000000000000e+02
2.920000000000000000e+02
2.830000000000000000e+02
2.980000000000000000e+02
3.200000000000000000e+02
2.810000000000000000e+02
2.840000000000000000e+02
2.690000000000000000e+02
2.980000000000000000e+02
2.670000000000000000e+02
2.800000000000000000e+02
2.520000000000000000e+02
2.820000000000000000e+02
2.600000000000000000e+02
2.350000000000000000e+02
2.330000000000000000e+02
2.270000000000000000e+02
2.300000000000000000e+02
2.140000000000000000e+02
2.070000000000000000e+02
2.070000000000000000e+02
1.990000000000000000e+02
2.110000000000000000e+02
1.930000000000000000e+02
2.060000000000000000e+02
2.040000000000000000e+02
1.700000000000000000e+02
1.850000000000000000e+02
1.660000000000000000e+02
1.590000000000000000e+02
1.640000000000000000e+02
1.710000000000000000e+02
1.490000000000000000e+02
1.460000000000000000e+02
1.460000000000000000e+02
1.620000000000000000e+02
1.370000000000000000e+02
1.110000000000000000e+02
1.290000000000000000e+02
1.270000000000000000e+02
1.200000000000000000e+02
1.210000000000000000e+02
1.200000000000000000e+02
1.090000000000000000e+02
1.190000000000000000e+02
1.070000000000000000e+02
1.060000000000000000e+02
1.050000000000000000e+02
1.090000000000000000e+02
9.700000000000000000e+01
8.500000000000000000e+01
1.100000000000000000e+02
7.800000000000000000e+01
8.700000000000000000e+01
8.100000000000000000e+01
8.900000000000000000e+01
9.300000000000000000e+01
7.600000000000000000e+01
7.900000000000000000e+01
5.800000000000000000e+01
7.200000000000000000e+01
6.200000000000000000e+01
8.400000000000000000e+01
6.400000000000000000e+01
7.200000000000000000e+01
6.900000000000000000e+01
5.000000000000000000e+01
5.600000000000000000e+01
6.200000000000000000e+01
9.100000000000000000e+01
