4.790000000000000000e+02
4.740000000000000000e+02
4.870000000000000000e+02
4.540000000000000000e+02
4.770000000000000000e+02
4.720000000000000000e+02
4.690000000000000000e+02
4.670000000000000000e+02
4.460000000000000000e+02
4.640000000000000000e+02
4.480000000000000000e+02
4.570000000000000000e+02
4.700000000000000000e+02
4.750000000000000000e+02
4.630000000000000000e+02
4.560000000000000000e+02
4.210000000000000000e+02
4.410000000000000000e+02
4.320000000000000000e+02
4.640000000000000000e+02
4.120000000000000000e+02
4.450000000000000000e+02
4.290000000000000000e+02
4.170000000000000000e+02
4.200000000000000000e+02
4.070000000000000000e+02
4.340000000000000000e+02
4.110000000000000000e+02
3.880000000000000000e+02
4.320000000000000000e+02
3.840000000000000000e+02
4.160000000000000000e+02
4.190000000000000000e+02
3.980000000000000000e+02
3.740000000000000000e+02
4.040000000000000000e+02
3.790000000000000000e+02
3.850000000000000000e+02
3.720000000000000000e+02
3.530000000000000000e+02
3.440000000000000000e+02
3.490000000000000000e+02
3.530000000000000000e+02
3.620000000000000000e+02
3.370000000000000000e+02
3.480000000000000000e+02
3.400000000000000000e+02
3.120000000000000000e+02
3.660000000000000000e+02
3.250000000000000000e+02
3.390000000000000000e+02
3.320000000000000000e+02
2.710000000000000000e+02
2.920000000000000000e+02
3.030000000000000000e+02
2.970000000000000000e+02
2.960000000000000000e+02
2.560000000000000000e+02
2.770000000000000000e+02
2.480000000000000000e+02
2.530000000000000000e+02
2.680000000000000000e+02
2.170000000000000000e+02
2.490000000000000000e+02
2.310000000000000000e+02
2.440000000000000000e+02
2.390000000000000000e+02
2.240000000000000000e+02
2.330000000000000000e+02
2.400000000000000000e+02
2.160000000000000000e+02
2.090000000000000000e+02
2.020000000000000000e+02
2.060000000000000000e+02
1.930000000000000000e+02
2.020000000000000000e+02
1.890000000000000000e+02
1.700000000000000000e+02
1.640000000000000000e+02
1.670000000000000000e+02
1.640000000000000000e+02
1.650000000000000000e+02
1.410000000000000000e+02
1.390000000000000000e+02
1.400000000000000000e+02
1.330000000000000000e+02
1.420000000000000000e+02
1.290000000000000000e+02
1.400000000000000000e+02
1.170000000000000000e+02
1.220000000000000000e+02
1.170000000000000000e+02
1.130000000000000000e+02
1.080000000000000000e+02
1.140000000000000000e+02
9.600000000000000000e+01
1.200000000000000000e+02
9.100000000000000000e+01
8.700000000000000000e+01
1.060000000000000000e+02
8.000000000000000000e+01
8.000000000000000000e+01
8.000000000000000000e+01
1.170000000000000000e+02
7.900000000000000000e+01
5.900000000000000000e+01
8.600000000000000000e+01
9.300000000000000000e+01
8.400000000000000000e+01
6.800000000000000000e+01
6.800000000000000000e+01
7.500000000000000000e+01
9.000000000000000000e+01
8.400000000000000000e+01
6.400000000000000000e+01
6.500000000000000000e+01
6.100000000000000000e+01
6.700000000000000000e+01
7.200000000000000000e+01
8.600000000000000000e+01
