7.600000000000000000e+01
7.100000000000000000e+01
5.700000000000000000e+01
7.300000000000000000e+01
7.400000000000000000e+01
7.200000000000000000e+01
5.900000000000000000e+01
7.400000000000000000e+01
6.600000000000000000e+01
8.800000000000000000e+01
7.500000000000000000e+01
6.900000000000000000e+01
8.300000000000000000e+01
6.700000000000000000e+01
7.200000000000000000e+01
8.100000000000000000e+01
6.800000000000000000e+01
8.000000000000000000e+01
1.160000000000000000e+02
9.400000000000000000e+01
9.200000000000000000e+01
9.600000000000000000e+01
8.900000000000000000e+01
9.500000000000000000e+01
9.200000000000000000e+01
1.130000000000000000e+02
1.010000000000000000e+02
1.220000000000000000e+02
1.290000000000000000e+02
1.280000000000000000e+02
1.230000000000000000e+02
1.610000000000000000e+02
1.040000000000000000e+02
1.400000000000000000e+02
1.460000000000000000e+02
1.480000000000000000e+02
1.350000000000000000e+02
1.550000000000000000e+02
1.680000000000000000e+02
1.520000000000000000e+02
1.510000000000000000e+02
1.900000000000000000e+02
1.610000000000000000e+02
1.850000000000000000e+02
1.930000000000000000e+02
1.890000000000000000e+02
2.090000000000000000e+02
2.010000000000000000e+02
1.980000000000000000e+02
2.010000000000000000e+02
2.330000000000000000e+02
2.090000000000000000e+02
2.340000000000000000e+02
2.470000000000000000e+02
2.490000000000000000e+02
2.510000000000000000e+02
2.430000000000000000e+02
2.460000000000000000e+02
2.660000000000000000e+02
2.640000000000000000e+02
2.690000000000000000e+02
2.760000000000000000e+02
2.640000000000000000e+02
2.780000000000000000e+02
3.020000000000000000e+02
3.320000000000000000e+02
3.100000000000000000e+02
2.890000000000000000e+02
3.100000000000000000e+02
3.350000000000000000e+02
3.290000000000000000e+02
3.240000000000000000e+02
3.260000000000000000e+02
3.280000000000000000e+02
3.470000000000000000e+02
3.480000000000000000e+02
3.400000000000000000e+02
3.630000000000000000e+02
3.770000000000000000e+02
3.650000000000000000e+02
3.410000000000000000e+02
3.500000000000000000e+02
3.670000000000000000e+02
3.820000000000000000e+02
3.910000000000000000e+02
3.780000000000000000e+02
3.820000000000000000e+02
3.960000000000000000e+02
3.870000000000000000e+02
4.200000000000000000e+02
4.000000000000000000e+02
4.070000000000000000e+02
4.220000000000000000e+02
4.340000000000000000e+02
4.020000000000000000e+02
4.250000000000000000e+02
4.320000000000000000e+02
4.610000000000000000e+02
4.340000000000000000e+02
4.370000000000000000e+02
4.520000000000000000e+02
4.340000000000000000e+02
4.490000000000000000e+02
4.600000000000000000e+02
4.620000000000000000e+02
4.410000000000000000e+02
4.660000000000000000e+02
4.670000000000000000e+02
4.690000000000000000e+02
4.900000000000000000e+02
4.560000000000000000e+02
4.650000000000000000e+02
4.630000000000000000e+02
4.780000000000000000e+02
4.570000000000000000e+02
4.650000000000000000e+02
4.720000000000000000e+02
4.470000000000000000e+02
4.610000000000000000e+02
4.620000000000000000e+02
