6.200000000000000000e+01
7.400000000000000000e+01
5.300000000000000000e+01
7.600000000000000000e+01
6.500000000000000000e+01
7.000000000000000000e+01
7.000000000000000000e+01
6.200000000000000000e+01
6.900000000000000000e+01
9.800000000000000000e+01
7.500000000000000000e+01
7.800000000000000000e+01
8.900000000000000000e+01
8.000000000000000000e+01
8.600000000000000000e+01
6.500000000000000000e+01
9.100000000000000000e+01
1.020000000000000000e+02
1.000000000000000000e+02
8.800000000000000000e+01
9.000000000000000000e+01
9.900000000000000000e+01
1.160000000000000000e+02
9.900000000000000000e+01
1.080000000000000000e+02
1.190000000000000000e+02
1.150000000000000000e+02
1.350000000000000000e+02
1.240000000000000000e+02
1.050000000000000000e+02
1.160000000000000000e+02
1.240000000000000000e+02
1.480000000000000000e+02
1.210000000000000000e+02
1.470000000000000000e+02
1.480000000000000000e+02
1.430000000000000000e+02
1.460000000000000000e+02
1.690000000000000000e+02
1.750000000000000000e+02
1.610000000000000000e+02
1.970000000000000000e+02
1.620000000000000000e+02
1.980000000000000000e+02
1.950000000000000000e+02
1.880000000000000000e+02
1.910000000000000000e+02
1.930000000000000000e+02
1.900000000000000000e+02
2.160000000000000000e+02
2.430000000000000000e+02
2.260000000000000000e+02
2.500000000000000000e+02
2.210000000000000000e+02
2.170000000000000000e+02
2.650000000000000000e+02
2.470000000000000000e+02
2.810000000000000000e+02
2.210000000000000000e+02
2.630000000000000000e+02
2.500000000000000000e+02
2.770000000000000000e+02
2.630000000000000000e+02
2.750000000000000000e+02
2.910000000000000000e+02
3.020000000000000000e+02
3.110000000000000000e+02
2.980000000000000000e+02
2.960000000000000000e+02
3.390000000000000000e+02
3.240000000000000000e+02
3.220000000000000000e+02
3.110000000000000000e+02
3.390000000000000000e+02
3.160000000000000000e+02
3.410000000000000000e+02
3.570000000000000000e+02
3.430000000000000000e+02
3.710000000000000000e+02
3.710000000000000000e+02
3.870000000000000000e+02
3.410000000000000000e+02
3.730000000000000000e+02
3.910000000000000000e+02
3.840000000000000000e+02
3.600000000000000000e+02
4.000000000000000000e+02
4.250000000000000000e+02
4.050000000000000000e+02
4.340000000000000000e+02
3.940000000000000000e+02
3.910000000000000000e+02
4.110000000000000000e+02
4.140000000000000000e+02
4.250000000000000000e+02
4.270000000000000000e+02
4.270000000000000000e+02
4.040000000000000000e+02
4.330000000000000000e+02
4.300000000000000000e+02
4.420000000000000000e+02
4.420000000000000000e+02
4.630000000000000000e+02
4.590000000000000000e+02
4.430000000000000000e+02
4.550000000000000000e+02
4.710000000000000000e+02
4.490000000000000000e+02
4.650000000000000000e+02
4.570000000000000000e+02
4.430000000000000000e+02
4.850000000000000000e+02
4.780000000000000000e+02
4.650000000000000000e+02
4.700000000000000000e+02
4.670000000000000000e+02
4.830000000000000000e+02
4.700000000000000000e+02
4.700000000000000000e+02
4.450000000000000000e+02
