7.500000000000000000e+01
6.600000000000000000e+01
7.000000000000000000e+01
6.400000000000000000e+01
7.100000000000000000e+01
7.300000000000000000e+01
7.400000000000000000e+01
7.300000000000000000e+01
6.700000000000000000e+01
8.600000000000000000e+01
7.500000000000000000e+01
7.100000000000000000e+01
8.000000000000000000e+01
8.200000000000000000e+01
6.700000000000000000e+01
9.100000000000000000e+01
1.040000000000000000e+02
8.000000000000000000e+01
9.400000000000000000e+01
9.600000000000000000e+01
8.900000000000000000e+01
9.400000000000000000e+01
1.000000000000000000e+02
9.900000000000000000e+01
1.040000000000000000e+02
1.010000000000000000e+02
1.100000000000000000e+02
1.210000000000000000e+02
1.250000000000000000e+02
1.130000000000000000e+02
1.420000000000000000e+02
1.280000000000000000e+02
1.240000000000000000e+02
1.260000000000000000e+02
1.420000000000000000e+02
1.420000000000000000e+02
1.510000000000000000e+02
1.510000000000000000e+02
1.570000000000000000e+02
1.880000000000000000e+02
1.850000000000000000e+02
1.750000000000000000e+02
1.710000000000000000e+02
1.850000000000000000e+02
1.980000000000000000e+02
1.750000000000000000e+02
1.780000000000000000e+02
2.240000000000000000e+02
1.910000000000000000e+02
2.260000000000000000e+02
2.220000000000000000e+02
2.130000000000000000e+02
2.200000000000000000e+02
2.680000000000000000e+02
2.060000000000000000e+02
2.490000000000000000e+02
2.360000000000000000e+02
2.680000000000000000e+02
2.570000000000000000e+02
2.750000000000000000e+02
2.760000000000000000e+02
2.710000000000000000e+02
3.040000000000000000e+02
2.970000000000000000e+02
2.910000000000000000e+02
2.970000000000000000e+02
3.150000000000000000e+02
2.990000000000000000e+02
3.110000000000000000e+02
3.040000000000000000e+02
3.040000000000000000e+02
3.150000000000000000e+02
3.440000000000000000e+02
3.480000000000000000e+02
3.400000000000000000e+02
3.440000000000000000e+02
3.490000000000000000e+02
3.490000000000000000e+02
3.820000000000000000e+02
3.730000000000000000e+02
3.420000000000000000e+02
3.770000000000000000e+02
3.960000000000000000e+02
3.990000000000000000e+02
3.960000000000000000e+02
3.840000000000000000e+02
4.030000000000000000e+02
3.890000000000000000e+02
3.840000000000000000e+02
4.020000000000000000e+02
4.070000000000000000e+02
4.150000000000000000e+02
4.040000000000000000e+02
4.300000000000000000e+02
4.270000000000000000e+02
4.210000000000000000e+02
4.180000000000000000e+02
4.350000000000000000e+02
4.220000000000000000e+02
4.300000000000000000e+02
4.450000000000000000e+02
4.400000000000000000e+02
4.500000000000000000e+02
4.230000000000000000e+02
4.360000000000000000e+02
4.890000000000000000e+02
4.410000000000000000e+02
4.430000000000000000e+02
4.480000000000000000e+02
4.780000000000000000e+02
4.450000000000000000e+02
4.780000000000000000e+02
4.650000000000000000e+02
4.530000000000000000e+02
4.520000000000000000e+02
4.550000000000000000e+02
4.820000000000000000e+02
4.390000000000000000e+02
5.000000000000000000e+02
4.560000000000000000e+02
